10
1 1 1 1 1 1 1 1 1 1 
100
8 7 6 10 3 5 4 5 10 2 8 8 9 1 4 3 8 2 8 8 6 7 9 3 6 4 9 9 7 9 9 8 6 2 4 10 10 5 9 1 4 5 4 4 6 2 3 10 8 6 10 3 5 6 6 5 5 8 7 3 9 7 3 1 7 6 3 4 1 7 4 9 10 9 5 10 5 6 5 10 8 9 10 2 7 9 3 2 6 10 9 4 8 7 6 4 5 3 7 1 
100
3 4 8 7 8 4 2 1 9 8 2 4 0 4 3 9 2 0 0 3 4 5 9 6 4 8 3 6 5 5 9 1 3 5 1 8 9 6 6 6 3 3 6 0 4 9 5 8 6 1 0 3 1 1 4 6 7 6 4 7 6 6 8 4 0 5 4 6 3 1 9 5 6 2 2 3 9 5 0 8 5 4 5 2 3 5 5 0 7 6 0 1 0 6 4 3 5 9 5 6 
100
2 8 9 
4 17 48 72 97 
1 25 
2 10 75 
5 10 14 49 73 76 
2 7 22 
3 8 25 47 
2 22 51 
5 16 34 65 79 85 
3 41 58 94 
3 27 68 91 
4 21 22 56 86 
3 15 86 95 
4 61 78 84 99 
1 43 
1 43 
3 57 80 91 
3 26 52 58 
2 41 87 
3 60 81 87 
3 31 32 56 
1 94 
5 27 46 49 65 84 
5 24 37 38 55 85 
2 30 43 
2 42 65 
3 61 90 98 
4 76 84 93 94 
2 33 92 
2 57 93 
2 43 73 
4 42 47 60 77 
5 49 52 56 88 93 
4 36 54 55 89 
2 86 95 
2 76 93 
3 69 71 94 
2 48 66 
4 41 76 78 99 
4 47 65 79 83 
3 65 69 70 
2 78 86 
1 74 
4 44 47 80 94 
3 51 68 78 
2 77 86 
4 48 84 90 94 
2 85 87 
1 56 
5 57 65 66 74 86 
4 55 71 86 91 
3 57 61 71 
2 63 66 
3 91 93 98 
2 68 86 
3 69 80 97 
1 92 
4 67 71 76 81 
2 67 89 
5 71 75 89 92 93 
3 83 87 94 
2 73 93 
1 64 
3 65 79 87 
2 80 82 
4 66 82 93 98 
5 70 74 82 86 98 
3 72 85 86 
2 88 95 
3 73 79 90 
3 73 81 84 
2 73 96 
2 93 95 
1 79 
2 76 87 
2 83 94 
2 78 85 
3 78 86 90 
2 89 90 
3 81 90 92 
3 92 97 98 
3 85 89 92 
3 83 90 93 
4 84 85 94 95 
3 91 92 93 
1 94 
1 94 
2 90 97 
2 91 99 
2 90 92 
2 91 94 
3 95 97 99 
4 93 95 97 98 
4 95 96 97 98 
3 95 98 99 
3 96 97 98 
2 98 99 
2 98 99 
1 99 
0 
