10
1 1 1 1 1 1 1 1 1 1 
100
2 7 1 5 5 8 1 2 5 7 3 1 7 7 5 3 1 2 2 3 3 2 8 7 1 3 5 2 5 6 9 2 1 4 2 7 9 10 1 2 8 10 4 1 7 7 2 2 3 10 5 9 5 2 6 1 5 5 5 10 2 5 1 9 8 4 7 8 2 4 10 7 9 5 2 8 9 7 8 10 6 10 4 3 5 3 8 1 6 6 5 4 2 1 9 6 4 2 6 4 
100
5 8 3 9 9 9 1 3 1 0 4 0 9 0 8 4 9 5 4 2 6 2 1 0 1 2 8 9 0 6 6 3 1 9 7 9 3 3 7 0 9 6 7 4 4 5 2 1 6 5 3 9 8 7 8 0 5 9 5 5 9 2 1 7 9 2 6 1 3 8 1 3 6 8 8 1 1 5 9 4 5 3 6 4 8 6 8 5 8 7 3 1 7 2 5 1 6 7 9 2 
100
5 24 29 30 67 86 
3 7 17 99 
3 20 33 90 
4 8 70 93 96 
2 38 93 
4 14 18 43 44 
5 14 32 78 84 88 
3 25 42 92 
4 44 45 67 77 
4 14 31 61 70 
2 77 91 
5 15 24 50 69 87 
1 88 
3 21 51 64 
3 25 50 51 
4 22 42 70 94 
1 46 
5 25 33 41 51 99 
1 92 
5 42 47 54 55 98 
1 95 
1 64 
1 43 
4 60 71 77 89 
3 27 61 78 
1 75 
4 30 56 63 67 
5 40 50 63 67 85 
3 46 93 94 
1 84 
1 98 
5 41 44 53 70 98 
3 59 61 69 
5 40 46 51 64 94 
5 41 53 55 71 76 
4 42 49 55 82 
3 40 77 85 
2 52 60 
1 80 
4 43 59 62 70 
5 42 48 67 95 96 
2 42 91 
4 45 47 58 79 
1 68 
2 84 96 
3 55 77 88 
4 47 84 85 91 
4 55 58 72 80 
1 71 
1 67 
1 58 
3 60 83 92 
4 64 71 79 89 
5 70 72 84 91 97 
2 67 90 
3 62 76 88 
4 60 64 69 74 
4 66 82 85 94 
5 60 73 77 83 88 
3 60 64 94 
1 62 
1 84 
3 63 73 90 
2 88 91 
3 80 82 96 
2 70 80 
2 98 99 
3 69 77 79 
1 77 
5 73 77 88 98 99 
4 72 82 97 99 
3 83 92 99 
1 87 
1 94 
3 87 88 90 
1 99 
4 84 85 88 89 
1 90 
2 92 95 
1 98 
4 81 93 94 95 
1 93 
1 93 
1 87 
4 87 91 92 95 
1 95 
5 89 95 97 98 99 
2 92 94 
2 91 93 
1 90 
1 97 
3 94 95 96 
2 93 94 
1 99 
2 96 99 
2 96 97 
3 97 98 99 
2 98 99 
1 99 
0 
