10
1 1 1 1 1 1 1 1 1 1 
100
2 8 6 3 9 2 3 4 2 7 4 3 1 4 1 5 5 7 6 5 9 7 9 7 7 2 10 4 7 10 2 9 4 3 6 2 4 2 6 5 4 1 10 5 10 2 9 3 6 6 9 6 6 1 9 9 4 7 5 6 4 9 10 1 8 1 1 6 1 1 10 10 9 3 8 10 8 9 6 2 1 10 1 4 7 4 5 5 3 4 10 7 5 5 10 4 9 6 1 10 
100
8 1 7 6 6 5 4 2 1 4 2 3 0 1 1 9 8 7 8 2 6 5 7 5 5 0 4 2 7 1 7 9 4 0 2 6 7 6 5 8 9 9 9 8 1 5 3 2 1 9 2 4 0 3 5 1 3 3 9 0 0 7 9 4 8 2 4 8 7 9 0 8 2 1 8 0 0 0 7 8 1 4 1 5 0 2 7 1 3 1 3 8 1 9 0 6 4 8 8 8 
100
3 16 26 79 
1 87 
4 50 59 66 99 
3 9 14 80 
3 29 48 63 
4 9 29 32 41 
2 81 93 
5 44 56 81 87 93 
1 43 
1 22 
2 21 37 
4 16 23 59 77 
2 59 91 
4 30 60 63 91 
4 19 48 67 83 
4 69 73 84 96 
1 84 
2 23 25 
1 38 
2 56 58 
4 22 26 34 71 
3 36 81 95 
4 31 40 59 85 
1 96 
1 35 
2 28 49 
5 30 47 64 70 94 
2 54 79 
1 64 
2 47 53 
2 85 99 
3 35 45 88 
1 84 
4 39 64 78 96 
1 72 
2 80 89 
1 44 
1 90 
4 45 55 75 77 
1 55 
1 66 
1 53 
1 77 
3 62 63 73 
1 51 
2 78 97 
1 97 
2 91 96 
4 64 67 91 93 
1 55 
1 70 
0 
3 61 65 99 
4 60 83 85 92 
4 57 66 84 89 
5 64 76 78 80 94 
2 65 85 
1 98 
4 71 78 87 94 
4 63 80 94 97 
2 89 95 
2 82 88 
5 63 75 78 84 98 
2 75 78 
4 78 82 83 87 
2 87 99 
2 72 97 
1 84 
4 70 76 81 84 
2 84 97 
1 73 
3 83 87 90 
4 76 83 93 97 
2 75 76 
4 83 84 86 97 
1 81 
4 84 87 90 95 
3 88 90 97 
4 81 87 88 91 
1 84 
5 85 89 92 95 97 
4 82 91 92 99 
1 95 
4 85 89 91 95 
3 89 94 97 
1 94 
2 89 95 
1 95 
3 90 93 95 
2 94 96 
3 95 96 99 
3 95 96 97 
0 
4 94 96 97 99 
2 95 99 
2 96 98 
2 98 99 
1 99 
1 99 
0 
